0.01,0.438
0.02,0.429
0.03,0.462
0.04,0.475
0.05,0.481
0.06,0.484
0.07,0.485
0.08,0.486
0.09,0.486
0.10,0.485
0.11,0.485
0.12,0.484
0.13,0.484
0.14,0.483
0.15,0.483
0.16,0.482
0.17,0.481
0.18,0.481
0.19,0.480
0.20,0.480
0.21,0.479
0.22,0.479
0.23,0.479
0.24,0.478
0.25,0.478
0.26,0.478
0.27,0.478
0.28,0.478
0.29,0.478
0.30,0.478
0.31,0.478
0.32,0.478
0.33,0.479
0.34,0.479
0.35,0.479
0.36,0.480
0.37,0.480
0.38,0.480
0.39,0.481
0.40,0.481
0.41,0.482
0.42,0.483
0.43,0.483
0.44,0.484
0.45,0.485
0.46,0.486
0.47,0.486
0.48,0.487
0.49,0.488
0.50,0.489
0.51,0.491
0.52,0.492
0.53,0.493
0.54,0.494
0.55,0.496
0.56,0.497
0.57,0.499
0.58,0.500
0.59,0.502
0.60,0.504
0.61,0.506
0.62,0.508
0.63,0.510
0.64,0.513
0.65,0.515
0.66,0.518
0.67,0.520
0.68,0.523
0.69,0.527
0.70,0.530
0.71,0.529
0.72,0.528
0.73,0.527
0.74,0.526
0.75,0.524
0.76,0.523
0.77,0.522
0.78,0.521
0.79,0.520
0.80,0.519
0.81,0.528
0.82,0.538
0.83,0.547
0.84,0.557
0.85,0.566
0.86,0.576
0.87,0.585
0.88,0.595
0.89,0.604
0.90,0.614
0.91,0.618
0.92,0.631
0.93,0.658
0.94,0.693
0.95,0.728
0.96,0.763
0.97,0.798
0.98,0.834
0.99,0.869
1.00,0.904
1.01,0.939
1.02,0.974
1.03,1.010
1.04,1.045
1.05,1.080
1.06,1.080
1.07,1.081
1.08,1.081
1.09,1.082
1.10,1.084
1.11,1.085
1.12,1.087
1.13,1.090
1.14,1.092
1.15,1.095
1.16,1.093
1.17,1.088
1.18,1.082
1.19,1.077
1.20,1.071
1.21,1.065
1.22,1.059
1.23,1.054
1.24,1.049
1.25,1.043
1.26,1.038
1.27,1.033
1.28,1.028
1.29,1.024
1.30,1.019
1.31,1.015
1.32,1.010
1.33,1.006
1.34,1.001
1.35,0.997
1.36,0.993
1.37,0.989
1.38,0.985
1.39,0.981
1.40,0.977
1.41,0.973
1.42,0.970
1.43,0.966
1.44,0.962
1.45,0.959
1.46,0.955
1.47,0.952
1.48,0.948
1.49,0.945
1.50,0.942
