0.01,0.443
0.02,0.434
0.03,0.467
0.04,0.480
0.05,0.486
0.06,0.489
0.07,0.490
0.08,0.491
0.09,0.491
0.10,0.491
0.11,0.490
0.12,0.490
0.13,0.489
0.14,0.488
0.15,0.488
0.16,0.487
0.17,0.487
0.18,0.486
0.19,0.485
0.20,0.485
0.21,0.485
0.22,0.484
0.23,0.484
0.24,0.484
0.25,0.483
0.26,0.483
0.27,0.483
0.28,0.483
0.29,0.483
0.30,0.483
0.31,0.483
0.32,0.484
0.33,0.484
0.34,0.484
0.35,0.484
0.36,0.485
0.37,0.485
0.38,0.485
0.39,0.486
0.40,0.487
0.41,0.487
0.42,0.488
0.43,0.488
0.44,0.489
0.45,0.490
0.46,0.491
0.47,0.492
0.48,0.493
0.49,0.494
0.50,0.495
0.51,0.496
0.52,0.497
0.53,0.498
0.54,0.499
0.55,0.501
0.56,0.502
0.57,0.504
0.58,0.506
0.59,0.507
0.60,0.509
0.61,0.511
0.62,0.513
0.63,0.516
0.64,0.518
0.65,0.521
0.66,0.524
0.67,0.527
0.68,0.530
0.69,0.533
0.70,0.536
0.71,0.535
0.72,0.534
0.73,0.533
0.74,0.532
0.75,0.531
0.76,0.530
0.77,0.529
0.78,0.528
0.79,0.527
0.80,0.526
0.81,0.536
0.82,0.546
0.83,0.555
0.84,0.565
0.85,0.574
0.86,0.584
0.87,0.594
0.88,0.603
0.89,0.613
0.90,0.622
0.91,0.627
0.92,0.639
0.93,0.667
0.94,0.702
0.95,0.738
0.96,0.774
0.97,0.809
0.98,0.845
0.99,0.881
1.00,0.916
1.01,0.952
1.02,0.988
1.03,1.023
1.04,1.059
1.05,1.095
1.06,1.095
1.07,1.095
1.08,1.096
1.09,1.097
1.10,1.098
1.11,1.100
1.12,1.102
1.13,1.104
1.14,1.106
1.15,1.109
1.16,1.107
1.17,1.102
1.18,1.096
1.19,1.090
1.20,1.085
1.21,1.079
1.22,1.073
1.23,1.068
1.24,1.062
1.25,1.057
1.26,1.052
1.27,1.047
1.28,1.042
1.29,1.038
1.30,1.033
1.31,1.028
1.32,1.024
1.33,1.020
1.34,1.015
1.35,1.011
1.36,1.007
1.37,1.003
1.38,0.999
1.39,0.995
1.40,0.991
1.41,0.987
1.42,0.984
1.43,0.980
1.44,0.976
1.45,0.973
1.46,0.969
1.47,0.966
1.48,0.962
1.49,0.959
1.50,0.956
